90   4    90   92   48   98   24   95   19   44   70   98   52   25   3    68   

37   65   72   64   66   12   49   85   92   9    49   4    48   18   81   14   

37   73   50   57   46   56   25   58   54   89   13   19   6    64   12   32   

83   57   1    73   71   92   32   62   33   36   6    67   42   69   84   95   

51   66   78   83   19   4    66   64   80   6    35   3    29   27   12   22   

33   77   67   75   18   77   65   76   65   58   44   17   67   92   35   59   

12   87   87   32   46   63   93   23   40   46   58   1    29   53   93   50   

17   35   88   95   31   89   28   10   5    75   43   18   31   86   47   15   

25   91   92   61   6    57   12   37   51   52   39   43   79   17   63   8    

43   89   24   64   61   85   3    8    3    100  7    99   41   49   47   100  

35   28   93   95   47   37   84   94   32   65   54   67   94   13   44   25   

29   5    66   1    78   97   77   86   81   81   65   96   95   72   80   56   

70   24   81   24   85   30   24   100  48   46   15   77   32   59   83   50   

56   39   62   24   73   91   58   77   92   36   96   23   94   59   35   18   

12   69   71   30   21   15   46   29   88   36   7    16   23   28   3    62   

53   47   58   88   94   59   28   89   9    19   80   58   85   67   5    39   

86   44   57   31   91   23   18   99   62   30   51   80   21   8    58   99   

98   21   69   43   6    26   11   100  39   18   76   66   22   79   58   35   

82   65   98   56   34   61   47   73   30   81   92   38   81   76   34   20   

53   46   73   25   74   95   77   68   53   60   20   39   63   99   47   52   

96   58   21   47   91   64   93   88   43   31   15   94   62   12   59   85   

13   86   30   61   71   3    59   70   54   60   53   63   76   63   39   67   

97   53   57   78   27   70   1    6    26   58   78   66   56   24   50   66   

96   95   29   8    11   11   3    71   62   84   71   10   86   93   66   4    

22   10   94   7    71   16   61   90   72   61   84   85   35   12   73   75   

38   47   56   17   9    17   40   7    25   37   100  57   36   58   3    79   

93   60   63   45   94   71   95   3    69   58   59   32   36   41   42   27   

34   1    87   13   67   93   88   3    57   85   99   25   78   72   79   75   

63   83   43   60   4    76   69   41   46   20   74   89   56   51   29   20   

83   81   11   11   77   49   66   12   98   89   84   52   90   11   96   32   

78   2    93   97   63   30   23   80   52   18   79   19   86   91   9    45   

79   88   73   47   58   18   51   77   4    74   79   79   13   59   93   74   

76   3    10   27   37   80   35   53   51   3    66   73   60   70   26   14   

8    34   42   47   16   71   45   21   53   22   94   71   17   74   18   46   

1    86   12   22   67   54   7    52   49   14   63   14   32   45  


